20
20.5
20
16.6
19.6
20.4
20.5
21
21
21
21.5
21
21.5
21
19
19.1
21.2
22
20.2
21
20
21
21.9
21
20.2
20.5
21.6
20.6
21.7
22.6
22
20
18
20.5
21
20.6
19.5
20.3
20.4
21
19
18.5
19.3
18.6
20
20.5
21
22.6
23.5
21.8
21.7
22.5
24.8
24.2
20.8
23.2
24
22
20.5
21
20.5
21.8
22
24.2
22.5
21.2
23.1
22
21
20.5
22.3
21.6
23.5
22.7
21
20.5
22.5
18
18
19.1
19.5
20.3
20.5
21.6
20.5
20.6
18.5
17.5
17.5
19
19.5
19
20.2
18.5
19.5
17.2
17.3
18.5
18
20.3
19.5
18.5
17.8
16.5
15.1
15.5
14.6
15.3
15
14.8
14.7
15.6
17.8
16
19
19.1
18.4
18.7
20
18.2
16.5
15.7
16.6
17.5
19
19.3
16.8
17.2
18.9
19.5
15.3
18.1
19.7
13.5
17.6
19.6
17.7
19.6
12.9
15
15.1
13.4
12.5
14.3
15.6
15.5
16
13.5
16
17
16.1
15.1
18.2
19.5
16
15.1
15.1
15.1
16
17.4
18
15.6
17.2
18
18.3
17.2
17.3
16.5
17.5
17
11.4
16.4
15.7
16
15.2
15.5
14.5
14.8
15.3
13.2
14.5
14.6
16
15.8
14
10.1
12.7
14.6
16
15.5
14.6
16
15.5
15.6
15.4
14.5
15.1
14
17
12.2
14.7
15.6
13.6
13.7
16
15.4
15.3
14.5
12.5
13
14.5
15.3
15.4
15.4
16
15
15.5
16.8
16.2
16.8
17.7
10.8
13.8
16
16.3
15
15.1
14.5
14.5
15.1
15.5
15.8
16.8
16.4
17.5
17.4
15.5
15
13.6
12.4
11.1
11.7
14.6
13.8
15.5
15.6
17.2
17.5
18
17.7
19
17.5
14
17.1
18.1
16.3
13
15.1
16.7
18.2
17.9
16.8
16.2
18.4
17.4
15.1
15
19.5
17.4
17.5
17.5
15.2
14.2
15
17.5
17.5
19
18.5
17.9
16.5
17.9
21.1
17.8
15.1
14.7
14
15.5
19.2
19
20.3
18.7
13.8
16
17.3
14.2
13
13.1
17.2
20.5
19.1
19
19.5
19.8
20
19.2
16.6
16.5
19.2
17.5
16.9
19.3
19.4
19.5
19.2
16.5
16
17.1
19.5
20
17.5
19
17
14.8
17
20
18.9
20
16.5
17.1
18
17.8
18.3
19
18.5
16.5
18.4
19.3
17.5
14.5
15
17.6
19
20.6
18.7
18.4
20
18.5
16.1
18
20.6
20
20
18.8
15.1
15.2
18.1
18.2
18.1
19.6
21.5
21.6
19.5
16.5
15.5
16
